2.4793217182159424
2.4309544563293457
2.3800179958343506
2.3492820262908936
2.3288204669952393
2.3201887607574463
2.317059278488159
2.3139350414276123
2.3094708919525146
2.3064167499542236
2.3040108680725098
2.3028905391693115
2.302960157394409
2.303684949874878
2.304744243621826
2.305999517440796
2.3067049980163574
2.306713819503784
2.3067827224731445
2.3058664798736572
2.30601167678833
2.30521559715271
2.3043692111968994
2.3038854598999023
2.3038713932037354
2.3032853603363037
2.3032476902008057
2.3031513690948486
2.3032004833221436
2.3028852939605713
2.3028409481048584
2.303209066390991
2.303081750869751
2.302985668182373
2.3031227588653564
2.3030753135681152
2.303075075149536
2.3029205799102783
2.303251266479492
2.3031625747680664
2.30310320854187
2.3030107021331787
2.302666664123535
2.3026700019836426
2.3026769161224365
2.3026905059814453
2.3026187419891357
2.3025882244110107
2.302690267562866
2.3026435375213623
2.302729845046997
2.3026950359344482
2.302746534347534
2.3026206493377686
2.3027870655059814
2.3026585578918457
2.3026347160339355
2.3026607036590576
2.3025848865509033
2.3026163578033447
2.3026700019836426
2.3026363849639893
2.3026375770568848
2.3026788234710693
2.302553415298462
2.3025968074798584
2.302593469619751
2.3026044368743896
2.3025927543640137
2.3026342391967773
2.302656412124634
2.3026087284088135
2.302560329437256
2.3025975227355957
2.3026320934295654
2.3026249408721924
2.302595376968384
2.302572011947632
2.30261492729187
2.302673101425171
2.3026254177093506
2.3027074337005615
2.3025972843170166
2.3026070594787598
2.3025753498077393
2.302605390548706
2.3026022911071777
2.3026483058929443
2.3026845455169678
2.3026163578033447
2.3026020526885986
2.3025448322296143
2.3026366233825684
2.302520513534546
2.302574634552002
2.302612543106079
2.3025946617126465
2.302628755569458
2.302635908126831
2.3026602268218994
2.302551507949829
2.302579164505005
2.3025732040405273
2.3026163578033447
2.3025848865509033
2.3025896549224854
2.3026063442230225
2.302605390548706
2.3025991916656494
2.302596092224121
2.302624464035034
2.302584409713745
2.3026046752929688
2.3025929927825928
2.3026199340820312
2.3025825023651123
2.3025972843170166
2.302593469619751
2.3026280403137207
2.3026411533355713
2.302598237991333
2.302582263946533
2.302603006362915
2.302595376968384
2.3025989532470703
2.302626848220825
2.3026373386383057
2.30259108543396
2.3026230335235596
2.3026344776153564
2.3026301860809326
2.3026552200317383
2.302663564682007
2.3025882244110107
2.3025946617126465
2.30256986618042
2.302544355392456
2.3026559352874756
2.3025758266448975
2.3024582862854004
2.3026046752929688
2.3026840686798096
2.3026156425476074
2.3026177883148193
2.302590847015381
2.3026554584503174
2.3026623725891113
2.3026609420776367
2.302621603012085
2.3027026653289795
2.3026010990142822
2.3026115894317627
2.302668571472168
2.3026716709136963
2.302629232406616
2.302640199661255
2.302658796310425
2.3024585247039795
2.3025708198547363
2.3025777339935303
2.302565574645996
2.3025872707366943
2.302602767944336
2.3025877475738525
2.302659273147583
2.3025927543640137
2.3026325702667236
2.302605152130127
2.3026175498962402
2.302565574645996
2.302611827850342
2.302602529525757
2.3026187419891357
2.3025996685028076
2.30258846282959
2.302598714828491
2.302558183670044
2.3025643825531006
2.3026058673858643
2.3026177883148193
2.302593231201172
2.3026416301727295
2.3026068210601807
2.3025405406951904
2.3026459217071533
2.302727460861206
2.30265474319458
2.3026444911956787
2.3026580810546875
2.3025972843170166
2.3026254177093506
2.3025786876678467
2.3026297092437744
2.302546739578247
2.3026621341705322
2.3025929927825928
2.3025829792022705
2.302605152130127
2.302640199661255
2.3025641441345215
2.3026347160339355
2.3025920391082764
2.302574396133423
2.302616596221924
2.3026392459869385
2.3026092052459717
2.3026201725006104
2.3026134967803955
2.302623987197876
2.302586793899536
2.3026044368743896
2.3027074337005615
2.3026058673858643
2.3025760650634766
2.3026044368743896
2.3025972843170166
2.3026139736175537
2.3026390075683594
2.3025991916656494
2.302525043487549
2.3026723861694336
2.302642822265625
2.3026106357574463
2.3026137351989746
2.3026058673858643
2.3026320934295654
2.302610158920288
2.3025975227355957
2.302581310272217
2.3026039600372314
2.302619695663452
2.3026483058929443
2.3026204109191895
2.3026156425476074
2.3026063442230225
2.302602767944336
2.302591562271118
2.3026509284973145
2.302588701248169
2.3025119304656982
2.302616834640503
2.302570104598999
2.3026840686798096
2.302591323852539
2.3025944232940674
2.302640676498413
2.3025567531585693
2.3026812076568604
2.3025763034820557
2.302642583847046
2.3026039600372314
2.3025941848754883
2.302649736404419
2.3026223182678223
2.3026328086853027
2.3026304244995117
2.302619457244873
2.302593946456909
2.302657127380371
2.302690267562866
2.3026061058044434
2.30265212059021
2.302602529525757
2.302621364593506
2.3025906085968018
2.302635431289673
2.3026089668273926
2.3026158809661865
2.3026163578033447
2.302581787109375
2.302584171295166
2.3026280403137207
2.3025906085968018
2.302751302719116
2.302713394165039
2.3026044368743896
2.3025879859924316
2.302607774734497
2.302643299102783
2.302614212036133
2.3026540279388428
2.3026387691497803
2.302614450454712
2.3025951385498047
2.302586317062378
2.3025786876678467
2.302649736404419
2.302600145339966
2.3026301860809326
2.302614450454712
2.302673101425171
2.302687883377075
2.3026111125946045
2.302589178085327
2.3025310039520264
2.3026034832000732
2.302623748779297
2.3025882244110107
2.302593946456909
2.3026247024536133
2.3026211261749268
2.3026511669158936
2.302605152130127
2.3026161193847656
2.3026058673858643
2.3026201725006104
2.302614212036133
2.302616834640503
2.302607297897339
2.3026328086853027
2.3026981353759766
2.302654504776001
2.302600145339966
2.3025834560394287
2.3025972843170166
2.3026561737060547
2.302593946456909
2.3027992248535156
2.3026411533355713
2.302598714828491
2.3025825023651123
2.302638292312622
2.3027045726776123
2.3027572631835938
2.302600860595703
2.3027052879333496
2.3026137351989746
2.302568197250366
2.3025729656219482
2.302668809890747
2.302628993988037
2.3026583194732666
2.3026273250579834
2.3026185035705566
2.3026533126831055
2.3026280403137207
2.3026931285858154
2.3026866912841797
2.3026316165924072
2.302630662918091
2.3026070594787598
2.3025338649749756
2.3026397228240967
2.3026633262634277
2.3025944232940674
2.302617311477661
2.3025543689727783
2.3026018142700195
2.302682638168335
2.302690267562866
2.3026602268218994
2.302616596221924
2.3026206493377686
2.302677631378174
2.3026468753814697
2.3025963306427
2.302633047103882
2.302729368209839
2.3025803565979004
2.302629232406616
2.3026392459869385
2.3026702404022217
2.30260968208313
2.302616834640503
2.302696943283081
2.3026530742645264
2.3026115894317627
2.3025460243225098
2.302604913711548
2.302555799484253
2.3026485443115234
2.3026158809661865
2.302668809890747
2.302595853805542
2.302614212036133
2.3026084899902344
2.302654981613159
2.3026065826416016
2.3026201725006104
2.3026623725891113
2.3026037216186523
2.302617311477661
2.3025741577148438
2.3026225566864014
2.302597999572754
2.302677869796753
2.302647829055786
2.3026750087738037
2.302703619003296
2.302595853805542
2.3026435375213623
2.302602529525757
2.302551031112671
2.302603244781494
2.3026764392852783
2.3026421070098877
2.30259108543396
2.3026623725891113
2.302593946456909
2.302582025527954
2.302589178085327
2.3026328086853027
2.302656650543213
2.3026654720306396
2.3025643825531006
2.302543878555298
2.3026723861694336
2.3026387691497803
2.3026585578918457
2.3026249408721924
2.3026044368743896
2.302597761154175
2.3026061058044434
2.3025786876678467
2.3026812076568604
2.302652359008789
2.302640199661255
2.302664279937744
2.302670955657959
2.302675247192383
2.302661895751953
2.302676200866699
2.3026137351989746
2.3026556968688965
2.302643060684204
2.302626132965088
2.3026063442230225
2.3026044368743896
2.302647113800049
2.3026304244995117
2.302604913711548
2.3026323318481445
2.302687168121338
2.302617073059082
2.302584171295166
2.3026273250579834
2.302659749984741
2.3027169704437256
2.3025941848754883
2.3025715351104736
2.3026468753814697
2.302476644515991
2.302630662918091
2.3026673793792725
2.3027424812316895
2.3027377128601074
2.302624464035034
2.302624225616455
2.3026130199432373
2.302635669708252
2.3026540279388428
2.302598476409912
2.302675724029541
2.302677869796753
2.302640914916992
2.302614450454712
2.302631139755249
2.302583694458008
2.3026092052459717
2.3025782108306885
2.3026797771453857
2.302467107772827
2.3025834560394287
2.302577257156372
2.30259370803833
2.3026139736175537
2.302638292312622
2.3026301860809326
2.302638053894043
2.3027119636535645
2.3026626110076904
2.302612781524658
2.3025710582733154
2.302643060684204
2.302647829055786
2.302643060684204
2.302596092224121
2.302654266357422
2.302621603012085
2.302628755569458
2.30267071723938
2.3026814460754395
2.3026506900787354
2.3026282787323
2.3026506900787354
2.3026041984558105
2.302647352218628
2.3026068210601807
2.3025705814361572
2.3026177883148193
2.3026487827301025
2.3026020526885986
2.302626848220825
2.302609443664551
2.3026137351989746
2.302624225616455
2.3026278018951416
2.302720308303833
2.3026463985443115
2.3026154041290283
2.302568197250366
2.3025338649749756
2.3025734424591064
2.302607774734497
2.302579402923584
2.302626371383667
2.302572250366211
2.302640199661255
2.3026440143585205
2.3025925159454346
2.302608013153076
2.302638292312622
2.3026437759399414
2.302576780319214
2.3025147914886475
2.3026883602142334
2.3027236461639404
2.30267596244812
2.302586078643799
2.3025739192962646
2.302569627761841
2.3025095462799072
2.3026535511016846
2.3026959896087646
2.3026788234710693
2.302562713623047
2.302565336227417
2.3026373386383057
2.3027427196502686
2.302757740020752
2.3026442527770996
2.302577257156372
2.30255389213562
2.3026225566864014
2.30261492729187
2.302640676498413
2.3026766777038574
2.30267333984375
2.3025474548339844
2.3025858402252197
2.302607297897339
2.3026087284088135
2.302628993988037
2.3025898933410645
2.3026180267333984
2.302643060684204
2.302673816680908
2.302628755569458
2.3025991916656494
2.3026082515716553
2.3026082515716553
2.3026363849639893
2.3027560710906982
2.302765130996704
2.302664279937744
2.3025825023651123
2.3026516437530518
2.3027474880218506
2.3027641773223877
2.302640199661255
2.302562713623047
2.3025951385498047
2.302661657333374
2.3027122020721436
2.3027102947235107
2.3024752140045166
2.302619695663452
2.3026230335235596
2.302598476409912
2.3026278018951416
2.3026111125946045
2.3025741577148438
2.302623987197876
2.302602529525757
2.302621603012085
2.302764415740967
2.3026227951049805
2.3026037216186523
2.302457094192505
2.302638292312622
2.302625894546509
2.3026626110076904
2.3026201725006104
2.3026723861694336
2.302661180496216
2.302616834640503
2.3026387691497803
2.30257248878479
2.3025550842285156
2.302656412124634
2.302600383758545
2.3026230335235596
2.302556037902832
2.302570343017578
2.3025901317596436
2.302614212036133
2.3026154041290283
2.3026530742645264
2.302609443664551
2.302687644958496
2.3026654720306396
2.302602529525757
2.302647829055786
2.3025825023651123
2.3026204109191895
2.3026106357574463
2.30269455909729
2.302577495574951
2.3026177883148193
2.3025524616241455
2.3025901317596436
2.3026373386383057
2.302685022354126
2.3025400638580322
2.302639961242676
2.302551507949829
2.3026185035705566
2.302614450454712
2.3025944232940674
2.302586555480957
2.3025856018066406
2.30255389213562
2.30255126953125
2.302597761154175
2.3026413917541504
2.3026058673858643
2.302584171295166
2.302602767944336
2.302640914916992
2.302565336227417
2.302666425704956
2.3026089668273926
2.302584648132324
2.3025479316711426
2.3025600910186768
2.3025963306427
2.3025786876678467
2.3025906085968018
2.3026089668273926
2.3026909828186035
2.3025999069213867
2.302572727203369
2.30255389213562
2.302605628967285
2.302668809890747
2.302584409713745
2.3025543689727783
2.3025448322296143
2.302564859390259
2.302619695663452
2.302539587020874
2.3025641441345215
2.302492380142212
2.3025922775268555
2.3026158809661865
2.3025684356689453
2.302567720413208
2.3025472164154053
2.3025529384613037
2.302546501159668
2.302541494369507
2.302504539489746
2.3025519847869873
2.3026442527770996
2.3025460243225098
2.3025808334350586
2.302556276321411
2.3025460243225098
2.302550792694092
2.302570104598999
2.3025405406951904
2.302555799484253
2.3025004863739014
2.3024494647979736
2.3024299144744873
2.3024251461029053
2.3024137020111084
2.302319288253784
2.3023526668548584
2.302239418029785
2.3022208213806152
2.3021671772003174
2.301985025405884
2.3018128871917725
2.301635980606079
2.3014001846313477
2.301140069961548
2.3007447719573975
2.300663709640503
2.299896478652954
2.299877882003784
2.299306631088257
2.299342155456543
2.2988107204437256
2.2986526489257812
2.298321485519409
2.2975804805755615
2.297394037246704
2.2969257831573486
2.297518491744995
2.295489549636841
2.2967255115509033
2.295841932296753
2.293337106704712
2.2950804233551025
2.2938578128814697
2.292233467102051
2.291895627975464
2.290072202682495
2.2897346019744873
2.2866578102111816
2.2855422496795654
2.284062147140503
2.2843501567840576
2.2812137603759766
2.2801198959350586
2.2788960933685303
2.2760813236236572
2.279677152633667
2.2796096801757812
2.297394037246704
2.278564691543579
2.28019380569458
2.28047513961792
2.2811524868011475
2.281179904937744
2.279169797897339
2.2780046463012695
2.2775237560272217
2.27504301071167
2.2821433544158936
2.2815234661102295
2.281245470046997
2.2778713703155518
2.27774977684021
2.2798683643341064
2.2754266262054443
2.274209976196289
2.2723405361175537
2.271885633468628
2.2674171924591064
2.2693755626678467
2.2701656818389893
2.269348621368408
2.2722232341766357
2.270427703857422
2.267461061477661
2.2644155025482178
2.2599198818206787
2.2582995891571045
2.257784128189087
2.2507054805755615
2.2490200996398926
2.2501213550567627
2.250188112258911
2.2519824504852295
2.243516206741333
2.243222236633301
2.241976737976074
2.2393248081207275
2.2371551990509033
2.2302298545837402
2.230210781097412
2.2294466495513916
2.2201344966888428
2.219503402709961
2.2166004180908203
2.2138826847076416
2.2096049785614014
2.209968090057373
2.207280397415161
2.205793619155884
2.2095820903778076
2.2054665088653564
2.221280097961426
2.2435309886932373
2.2281973361968994
2.232792854309082
2.2253761291503906
2.2245869636535645
2.2241439819335938
2.221709966659546
2.2155890464782715
2.2218687534332275
2.2150557041168213
2.2259066104888916
2.2225544452667236
2.2176425457000732
2.2151896953582764
2.2098634243011475
2.2069180011749268
2.203404188156128
2.208035945892334
2.1998512744903564
2.1925036907196045
2.1839590072631836
2.181986093521118
2.1906960010528564
2.1835007667541504
2.1885712146759033
2.1807374954223633
2.1840522289276123
2.17757248878479
2.179973840713501
2.1715123653411865
2.1717355251312256
2.1700997352600098
2.163459062576294
2.166400671005249
2.160337448120117
2.1635959148406982
2.157458782196045
2.1587016582489014
2.1559457778930664
2.153979778289795
2.1536734104156494
2.1514012813568115
2.150015115737915
2.1487882137298584
2.147496461868286
2.1446704864501953
2.14342999458313
2.1430983543395996
2.144052028656006
2.1815786361694336
2.1862714290618896
2.1601169109344482
2.1623079776763916
2.195693254470825
2.1774659156799316
2.1970722675323486
2.1851446628570557
2.173818826675415
2.1654109954833984
2.1627376079559326
2.160614252090454
2.1487157344818115
2.1493921279907227
2.156334638595581
2.1520614624023438
2.1515254974365234
2.148355484008789
2.147557497024536
2.1405723094940186
2.14103364944458
2.135904312133789
2.1343636512756348
2.1322872638702393
2.123579978942871
2.1241142749786377
2.1162307262420654
2.1179370880126953
2.1032984256744385
2.1021957397460938
2.1009180545806885
2.0978057384490967
2.0911169052124023
2.0931711196899414
2.089797258377075
2.08437180519104
2.0766642093658447
2.0731942653656006
2.07694149017334
2.0725314617156982
2.069981098175049
2.061180353164673
2.063708782196045
2.0579993724823
2.0598244667053223
2.0535318851470947
2.0503294467926025
2.0491702556610107
2.043111562728882
2.042287588119507
2.0382306575775146
2.032769203186035
2.031297445297241
2.027963399887085
2.029683828353882
2.024303674697876
2.0243499279022217
2.022212266921997
2.0208539962768555
2.016052722930908
2.0156912803649902
2.0252604484558105
2.0696518421173096
2.202096700668335
2.2692344188690186
2.1106085777282715
2.1653292179107666
2.202099561691284
2.136984348297119
2.157550096511841
2.1296231746673584
2.130260467529297
2.1200761795043945
2.1000607013702393
2.120948076248169
2.103421926498413
2.1102888584136963
2.0982515811920166
2.0761687755584717
2.092855215072632
2.0642945766448975
2.0554730892181396
2.0588762760162354
2.0454137325286865
2.0500147342681885
2.041760206222534
2.0362651348114014
2.035712957382202
2.0322952270507812
2.028238534927368
2.024219036102295
2.012047290802002
2.012667655944824
2.0133235454559326
2.009665012359619
2.0086543560028076
2.009871244430542
2.007629156112671
2.002018690109253
1.9989815950393677
1.996656894683838
1.996556282043457
1.9946016073226929
1.9904054403305054
1.9873915910720825
1.9973965883255005
1.9856938123703003
1.9891749620437622
1.9947165250778198
1.9974437952041626
2.015949010848999
2.043253183364868
2.075518846511841
2.0014431476593018
2.0443274974823
2.018441677093506
2.0192480087280273
2.0248124599456787
2.0124309062957764
2.0100796222686768
2.002443790435791
2.0010509490966797
1.9871095418930054
1.981601357460022
1.9874705076217651
2.06601881980896
2.059142589569092
2.0213732719421387
2.031158685684204
2.0470168590545654
2.036536693572998
2.0143420696258545
2.0103635787963867
2.0289485454559326
2.009716749191284
1.99979829788208
2.0094692707061768
2.010971784591675
2.0008552074432373
1.993043065071106
2.000271797180176
1.9912487268447876
1.9859122037887573
1.9842768907546997
1.9827944040298462
1.9776173830032349
1.9789962768554688
1.9696930646896362
1.9671074151992798
1.9672536849975586
1.9585119485855103
1.9605411291122437
1.9537209272384644
1.9529446363449097
1.9477440118789673
1.9484843015670776
1.9375609159469604
1.94260835647583
1.9415992498397827
1.933388113975525
1.9248617887496948
1.9216009378433228
1.926813006401062
1.9630171060562134
2.0237157344818115
2.0037312507629395
1.9824055433273315
1.971835970878601
1.9725812673568726
1.953621745109558
1.9661723375320435
1.949182391166687
1.9481834173202515
1.9375406503677368
1.9491686820983887
1.935072898864746
